-63 0.272884
-62 0.165851
-61 0.807013
-60 0.826017
-59 0.744010
-58 0.759316
-57 0.878098
-56 0.896477
-55 0.841586
-54 1.005813
-53 0.744152
-52 0.761883
-51 0.767732
-50 0.841462
-49 1.081951
-48 1.193849
-47 1.142259
-46 1.249940
-45 1.349019
-44 1.531011
-43 1.539162
-42 1.389350
-41 1.397158
-40 1.504785
-39 1.427106
-38 1.708020
-37 2.023457
-36 2.307986
-35 2.580262
-34 2.727683
-33 2.903301
-32 2.771143
-31 2.786942
-30 2.638707
-29 2.754859
-28 2.888028
-27 2.850508
-26 2.770225
-25 2.649868
-24 2.575015
-23 2.618084
-22 2.749380
-21 2.805684
-20 2.826052
-19 2.865190
-18 2.794459
-17 2.673903
-16 2.503043
-15 2.531708
-14 2.670884
-13 2.783334
-12 2.911726
-11 2.836602
-10 2.815940
-9 2.986270
-8 3.070988
-7 3.127114
-6 3.097948
-5 3.079666
-4 2.957804
-3 2.943897
-2 2.976351
-1 4.170525
0 5.073355
1 4.649010
2 4.607708
3 4.618688
4 4.571067
5 4.745458
6 4.901130
7 4.890150
8 4.849641
9 4.763664
10 4.728949
11 4.624408
12 4.337399
13 4.185552
14 3.911722
15 3.751023
16 3.638685
17 3.560039
18 3.531607
19 3.406300
20 3.398875
21 3.444323
22 3.356378
23 3.308238
24 3.279304
25 3.142712
26 3.014962
27 2.839635
28 2.755787
29 2.566419
30 2.545158
31 2.535488
32 2.573385
33 2.546528
34 2.666600
35 2.517720
36 2.491214
37 2.438515
38 2.408939
39 2.380309
40 2.265846
41 2.394806
42 2.223934
43 2.112601
44 2.133003
45 2.053458
46 2.040138
47 1.693397
48 1.407114
49 1.518991
50 1.324917
51 1.394371
52 1.358633
53 1.254181
54 1.044504
55 1.075408
56 1.252190
57 1.329384
58 1.302530
59 1.221974
60 1.190855
61 1.300475
62 1.252224
