-63 0.091935
-62 -0.321621
-61 -0.268869
-60 -0.407146
-59 -0.576789
-58 -0.771921
-57 -0.952266
-56 -1.076358
-55 -1.244774
-54 -1.621680
-53 -1.931232
-52 -2.245136
-51 -2.193509
-50 -2.235815
-49 -2.294797
-48 -2.111051
-47 -2.243128
-46 -2.042485
-45 -1.861673
-44 -1.815480
-43 -1.655720
-42 -1.744569
-41 -1.904296
-40 -2.012664
-39 -2.132201
-38 -1.860232
-37 -1.868584
-36 -1.721631
-35 -1.498746
-34 -1.226274
-33 -0.971093
-32 -1.135672
-31 -1.296121
-30 -1.298020
-29 -1.281217
-28 -1.489651
-27 -1.607071
-26 -1.754373
-25 -1.636728
-24 -1.702061
-23 -1.818263
-22 -1.772369
-21 -1.931807
-20 -1.907568
-19 -1.885744
-18 -2.001729
-17 -2.094736
-16 -2.077610
-15 -1.955806
-14 -1.831193
-13 -1.785918
-12 -1.706581
-11 -1.677341
-10 -1.556251
-9 -1.345795
-8 -1.264334
-7 -1.205323
-6 -1.013147
-5 -0.884743
-4 -0.961349
-3 -0.973633
-2 -0.728515
-1 -0.782091
0 -0.947646
1 -0.888769
2 -0.702291
3 -0.525114
4 -0.504375
5 -0.325441
6 -0.374509
7 -0.361454
8 -0.299612
9 -0.320670
10 -0.340793
11 -0.266178
12 -0.432652
13 -0.481033
14 -0.578411
15 -0.584945
16 -0.824865
17 -1.002325
18 -1.156682
19 -1.179944
20 -0.896569
21 -0.990158
22 -1.053001
23 -1.183128
24 -1.252162
25 -1.280669
26 -1.457325
27 -1.568156
28 -1.595295
29 -1.770220
30 -1.834988
31 -1.849089
32 -1.976680
33 -2.082284
34 -2.154106
35 -2.325178
36 -2.175070
37 -2.190833
38 -2.012436
39 -1.977992
40 -2.055475
41 -2.061223
42 -1.976728
43 -1.945654
44 -2.005837
45 -2.171659
46 -2.016271
47 -2.154066
48 -2.318210
49 -2.381852
50 -2.562054
51 -2.581190
52 -2.687579
53 -2.739431
54 -2.794902
55 -2.746233
56 -2.576919
57 -2.589178
58 -2.728462
59 -2.644551
60 -2.721332
61 -2.812269
62 -2.808101
