-63 -0.208156
-62 -0.471816
-61 -0.627280
-60 -1.073261
-59 -1.184972
-58 -1.399343
-57 -1.400315
-56 -1.471029
-55 -1.730422
-54 -1.975101
-53 -2.342744
-52 -2.526259
-51 -2.603615
-50 -2.340240
-49 -2.286020
-48 -2.223499
-47 -2.056812
-46 -1.855800
-45 -1.665080
-44 -1.407909
-43 -1.382905
-42 -1.599076
-41 -1.518597
-40 -1.442088
-39 -1.572642
-38 -1.412217
-37 -1.182345
-36 -1.023578
-35 -0.831498
-34 -0.728633
-33 -0.544517
-32 -0.822029
-31 -0.635699
-30 -0.496803
-29 -0.632511
-28 -0.747022
-27 -1.010358
-26 -1.205237
-25 -1.342051
-24 -1.516553
-23 -1.744306
-22 -1.712352
-21 -1.790023
-20 -1.904908
-19 -1.968705
-18 -1.915114
-17 -1.817597
-16 -1.827892
-15 -1.885758
-14 -1.697298
-13 -1.674612
-12 -1.573093
-11 -1.573965
-10 -1.393613
-9 -1.208050
-8 -1.090039
-7 -0.843736
-6 -0.638450
-5 -0.594478
-4 -0.511239
-3 -0.527704
-2 -0.346017
-1 -1.410195
0 -1.870720
1 -1.771042
2 -1.778696
3 -1.604075
4 -1.631361
5 -1.510016
6 -1.422398
7 -1.372842
8 -1.347141
9 -1.344645
10 -1.428571
11 -1.604532
12 -1.724574
13 -1.886775
14 -2.045890
15 -2.080453
16 -2.255810
17 -2.408852
18 -2.750105
19 -2.713313
20 -2.675519
21 -2.937830
22 -3.059429
23 -3.048852
24 -3.123675
25 -3.201502
26 -3.228723
27 -3.419578
28 -3.625219
29 -3.619129
30 -3.705522
31 -3.393594
32 -3.301949
33 -3.441839
34 -3.309956
35 -3.482565
36 -3.669760
37 -3.703341
38 -3.663960
39 -3.764312
40 -3.856122
41 -3.873488
42 -3.907036
43 -4.197871
44 -4.258740
45 -4.287607
46 -4.532997
47 -4.853919
48 -4.983445
49 -5.086318
50 -5.078982
51 -5.056963
52 -5.152218
53 -5.031043
54 -5.119253
55 -5.356838
56 -5.239342
57 -4.985725
58 -4.988336
59 -5.030045
60 -5.302532
61 -5.322209
62 -5.486072
